-369
-846
-194
-544
-869
262
-483
35
280
-701
510
-363
435
733
267
240
-207
-949
-708
-554
-496
-374
-187
-818
673
815
-276
-538
-843
-584
628
129
378
901
-446
666
-229
-734
-158
248
-913
-771
388
580
704
749
522
-421
-168
945
-667
-746
-750
-632
-162
-857
-82
-566
858
-685
36
-826
948
-498
318
-867
-230
176
257
-938
279
-631
-15
-708
-736
-743
-37
-751
607
-624
-54
-599
-459
-851
-118
752
736
130
-918
-271
244
-498
700
-435
-210
-939
297
925
566
401
297
-59
865
-666
788
-770
902
989
905
611
-884
-886
-886
-959
918
432
644
427
830
763
194
912
-199
639
863
-663
-282
626
120
-129
628
531
241
229
534
295
990
513
235
142
-795
403
-53
22
-597
-833
110
-791
-416
-418
714
-561
-247
-972
-757
-502
857
-632
-104
-610
411
-5
345
-453
890
-228
922
276
-963
-389
977
-569
-301
84
511
-570
-159
592
-892
-974
-205
971
772
-801
172
-644
910
-95
-314
480
-370
388
841
190
548
-839
-468
797
-247
455
-682
-738
197
-962
-644
642
588
396
412
-511
873
-591
19
949
-186
856
-357
-125
-576
331
491
-117
-399
-379
11
673
-823
345
699
27
-176
-183
-844
-195
985
-284
-508
-343
691
-313
399
440
750
444
-960
918
705
807
500
-487
-396
679
851
-174
-535
766
-513
-70
-564
-501
-969
-122
-622
914
789
697
-574
-421
977
-557
-357
-622
580
-625
-200
329
-528
-241
-419
741
-320
724
-127
-352
599
945
790
818
-173
543
154
-849
522
977
528
-452
-218
968
-830
-693
515
714
332
-819
-236
-424
-947
931
-479
-246
-818
-957
-355
91
100
-192
244
-818
-589
348
387
-236
-164
-35
457
-77
-592
689
-982
493
-851
813
350
-726
-165
-531
857
421
-378
841
912
556
-442
747
-532
-264
787
181
-745
-542
-775
-768
-715
-288
-421
-56
699
-438
-646
414
-364
-732
-619
-577
151
6
646
998
221
587
-28
-502
-226
896
-393
765
377
57
34
508
-792
256
-306
676
-952
728
-65
441
-109
666
121
718
712
280
-619
-676
-950
663
-706
-166
-179
869
235
-634
-353
-944
-300
862
830
-321
-809
987
-229
-743
-776
-359
49
951
654
26
-876
371
642
-344
790
-673
285
459
-592
-671
-730
-461
123
-783
-620
-229
895
-556
-168
440
-340
433
954
-820
-317
-192
-461
-974
45
371
638
-576
-884
73
962
-920
276
-807
790
788
-471
804
-92
789
-30
-620
-625
-998
279
-830
347
-85
-680
201
409
-831
-568
217
570
-777
-443
909
260
510
-870
-625
-388
-440
-252
-392
-384
838
-409
909
633
14
-830
154
-349
-941
252
189
-389
-390
-572
530
-612
980
-120
569
391
-589
-503
-46
895
-308
-926
-788
-152
-707
399
650
-160
-188
-811
-150
402
-643
96
790
-967
761
-479
-750
-91
813
-810
534
537
-490
-616
401
33
752
963
674
163
-745
76
152
239
-242
705
-683
706
-315
145
-570
182
-863
-375
779
-334
71
619
65
192
32
-113
648
-400
-234
846
284
134
-651
222
-903
-351
657
-154
-210
-808
-134
447
229
866
98
-800
-280
238
757
2
931
876
-696
-904
474
-843
-712
739
500
81
-807
-570
-472
809
113
367
773
-185
378
-741
-694
-388
742
764
715
847
-907
-907
-974
-975
215
596
-306
-618
574
-653
-395
583
-948
-406
-825
553
176
0
-444
502
-285
-385
347
-807
-235
662
-97
-609
-924
895
805
405
-422
276
23
341
-869
281
655
572
731
347
-621
-455
-105
-653
649
883
531
392
-966
-76
-273
323
-793
800
-558
-31
733
-484
-719
725
-198
321
162
-107
411
491
-108
535
-6
456
40
-484
381
-627
859
-984
559
136
-796
142
-539
399
-816
-995
-868
661
428
255
230
-929
850
-158
206
-841
910
-502
-184
-599
-411
-178
-116
672
562
-899
-404
352
-205
218
-337
-686
-345
-83
-50
691
-771
800
533
-792
772
408
831
-586
-494
-576
595
-588
549
-655
471
-45
660
38
644
828
27
251
-170
-813
286
-124
603
881
-738
-973
-42
406
-816
969
-396
-779
-344
865
573
-7
190
-655
919
-290
167
894
470
-549
-599
446
550
-268
974
-803
929
599
-182
341
-347
181
-906
370
-732
-300
750
-424
912
81
896
471
-374
213
-8
28
931
-764
-309
-418
-991
147
875
697
-222
-612
236
-130
223
-788
985
748
-256
-590
712
852
-476
-188
740
546
-17
966
-953
176
-309
-998
968
-848
233
848
119
-689
100
410
107
725
-508
-900
906
-768
138
-367
-564
-531
408
339
490
853
-670
56
201
-533
976
-669
-540
-511
-844
395
623
171
-580
-753
-684
556
747
20
-896
-718
753
-228
72
-926
-888
-763
124
228
1
39
120
-37
-121
49
-745
-508
-853
-312
-816
-317
-532
369
-738
-951
870
-27
-523
170
97
-945
506
52
721
546
598
19
343
343
4
832
15
-863
454
-895
-876
-620
-569
-722
295
564
89
519
-454
847
-328
-108
561
-263
479
73
-57
-489
290
167
331
716
862
334
862
116
884
-931
-910
244
812
676
501
-223
846
-403
-734
174
956
534
-777
479
640
-616
-617
-728
-324
791
632
974
-173
104
913
-359
-922
-44
458
149
-613
870
117
-333
-606
-787
27
-469
500
396
-526
743
219
617
217
165
-425
-387
-126
-692
-489
-650
-982
-221
650
-328
-1
-609
43
-783
263
977
412
940
-240
-718
-580
-30
603
-983
476
595
239
-951
723
-403
-538
226
-583
-593
-786
-817
99
-274
415
-453
936
-657
-274
-113
-469
-532
323
-995
435
-45
-386
997
-776
-407
-478
-248
-39
95
-830
422
-752
8
305
-651
850
-951
-918
-656
459
727
224
488
314
414
-21
-612
466
-956
981
399
-846
-441
-19
-933
714
911
-642
838
694
-391
-942
320
430
138
-74
307
-963
-949
843
637
735
-5
209
279
612
827
-388
-165
419
-263
512
504
916
310
129
-710
147
538
-26
293
-656
284
317
857
-11
658
-497
993
-369
-935
-988
142
-528
-117
-654
226
-174
804
689
767
-987
682
381
-145
-555
-379
-230
-659
30
-855
18
976
992
889
-347
977
-145
189
972
-302
509
-512
965
678
-393
-8
402
-126
525
-801
-314
69
-107
-154
831
-546
-800
-898
-447
-951
-121
344
-73
437
898
846
439
354
768
-515
-209
258
-622
-533
-172
751
576
448
125
-914
61
890
994
549
965
15
-610
722
-831
-558
-556
-133
-460
277
-630
-158
290
-831
-23
811
-395
-545
-507
-442
-42
542
-173
953
-466
-413
-869
-98
939
151
222
461
-698
-732
768
-246
434
-873
763
-580
-227
-121
293
-646
-955
-77
598
-813
-278
755
-250
-485
776
-108
-822
-377
897
-724
8
-877
-794
118
-142
193
632
278
444
864
-564
450
334
-284
625
979
-549
-821
820
606
723
414
-782
368
-776
103
-953
336
-286
-880
445
-502
-314
906
874
409
-9
-186
779
400
82
-938
396
34
-599
653
-965
504
-689
-170
-573
-566
344
99
557
-154
-266
-585
405
-101
-542
-212
722
906
-475
-873
-536
-882
-386
-257
-303
-129
809
-776
556
725
730
-309
768
-60
-787
240
-806
-683
-562
-455
113
455
-842
499
-236
-784
-392
91
-223
990
-485
-773
83
-835
-963
570
912
971
-754
-680
-159
-617
460
-556
-772
501
742
-705
-592
31
301
463
-306
-972
879
-833
-380
197
29
192
-507
870
-779
-462
556
-821
-987
-133
733
206
769
747
941
692
-569
984
410
-27
-38
561
884
-534
646
-283
-300
837
-291
949
855
439
-699
427
-507
483
601
-659
85
579
-244
563
-147
-436
-9
366
-72
686
758
-738
-396
-24
-918
-868
-936
233
669
786
-460
-679
722
-251
791
272
-954
-723
-448
647
-367
-574
36
596
231
411
428
139
769
622
627
-545
863
461
-644
696
160
239
-993
-221
-88
6
798
245
-126
-78
-985
57
189
21
674
-564
-877
-110
-957
147
911
60
58
267
468
-199
-780
111
186
895
161
844
205
-995
441
628
530
-763
-737
215
-405
-666
143
77
-137
-901
-495
416
399
-928
-4
750
320
647
736
462
-670
79
207
356
-3
-590
-697
360
680
-158
-687
-48
652
312
112
-946
169
-737
-275
58
917
869
-421
939
949
-26
-69
-626
131
-871
828
409
-273
303
793
-982
470
-557
-6
600
-905
-349
-394
-531
832
37
-118
685
-874
-646
543
526
-726
-149
-112
777
-524
76
-311
901
27
694
-64
775
-258
638
312
408
-770
-815
-43
-110
445
-406
-8
674
249
-403
487
571
-276
-370
-609
8
360
-850
494
811
814
-586
-897
-672
912
-1
-171
-407
8
381
891
-22
-899
662
-524
76
-763
56
435
-456
796
443
202
-482
959
-751
44
604
501
-990
87
551
871
-802
260
-498
-606
-176
487
-350
-725
37
544
693
-810
-841
293
23
-104
-727
-749
-777
-959
-540
456
-344
-259
816
-115
171
850
-191
505
884
-870
617
-895
64
132
508
150
868
744
-317
229
-646
720
953
705
881
235
888
697
-278
865
836
335
738
454
422
-929
57
586
700
387
723
-253
136
556
-78
-631
942
946
-81
-323
-529
938
550
-671
-559
913
355
34
751
432
87
841
595
-355
-427
5
178
-100
920
-442
-737
576
857
-79
-959
-242
87
10
59
-862
-902
252
924
-175
948
965
868
741
-558
-410
-191
-789
-520
27
627
-267
409
-701
369
-927
635
-417
-434
-914
413
-523
-496
-28
108
670
222
-828
940
-390
234
868
-552
-459
400
587
-411
406
-849
-338
958
506
43
-422
-574
-201
-171
504
-350
-880
-679
-905
224
-620
202
200
661
-320
-166
-161
84
-121
-365
-565
359
570
598
-753
-492
50
-957
-451
-580
893
282
-971
95
-390
515
262
468
787
-417
253
-683
-96
-925
38
-49
685
-865
-846
862
-134
880
540
-592
948
-486
-740
201
971
-298
-956
-314
653
-587
-577
-91
675
598
885
939
69
-212
-429
96
-625
809
-919
-478
-5
-442
124
-82
-878
-739
354
-676
-125
-709
935
-572
583
-706
281
281
587
-764
779
415
983
-301
934
-271
939
294
656
-358
-272
73
-754
931
-123
-584
-505
549
948
-835
-511
-620
12
-437
854
249
-430
430
904
44
-982
-31
51
-538
848
-491
-280
601
944
-552
446
-979
-196
885
249
-120
800
277
233
316
-430
721
757
162
-604
-50
169
939
-505
-196
-852
-500
534
561
-853
-118
849
46
661
278
-93
401
-34
703
-149
-71
-458
640
-295
-771
970
909
42
-983
-225
20
181
-599
-119
993
149
389
-273
328
954
-13
608
-150
-438
-905
591
140
963
-161
483
610
144
-328
-285
972
-775
-48
-912
789
-966
-928
-231
-533
915
-118
501
31
965
-393
-541
402
703
677
537
23
-599
377
-569
-971
661
-92
-329
786
-101
-936
239
-586
236
-324
569
404
-827
460
70
-287
489
273
-165
564
834
-593
-393
-214
-796
415
700
703
-370
-980
-469
789
-911
461
106
-393
483
-363
205
-192
824
636
-439
486
19
944
363
-306
686
-102
317
173
-528
829
-140
-619
-655
609
354
-148
-285
-29
-491
506
801
-414
451
400
425
945
-904
-24
-123
-895
132
960
457
-552
-361
-53
-392
797
-189
-554
969
-40
-971
186
-862
-585
-817
771
962
428
-424
652
275
-983
202
-935
208
461
552
905
756
-465
-911
352
579
-594
46
163
974
-737
-817
679
-409
-684
249
-761
-700
943
-863
695
938
105
-63
-759
807
-748
311
-625
-227
301
642
503
740
729
396
17
488
309
756
288
-213
-744
154
-904
-400
-588
-957
958
-750
607
526
-809
-895
518
-701
283
-783
276
-523
24
-878
145
606
323
182
-234
-39
1000
-386
998
873
11
659
-591
-310
4
-611
612
-771
-337
-637
711
63
-507
297
165
-142
74
510
-799
126
515
241
-116
-437
-236
744
7
-866
617
615
-190
-330
-253
868
-380
304
-961
-152
171
673
-226
177
-148
803
531
-720
-540
-597
-972
202
43
445
-103
-888
604
-814
603
-156
250
-529
-309
-617
-793
595
74
131
-727
104
-181
675
-361
-535
-882
-143
-162
532
487
-745
737
-298
-385
422
-552
818
537
328
614
-799
-483
-91
-807
-638
-509
666
-844
195
781
-930
-152
-822
-247
-902
-89
-382
624
-799
931
404
68
-32
610
506
-950
327
261
-648
-224
1000
-95
259
-219
-368
-928
-440
60
-764
483
-808
-759
578
665
-983
-346
536
-383
771
334
-28
-169
785
-653
-409
847
-105
-342
-892
636
-926
595
-705
-693
198
-428
893
454
-28
510
45
217
-893
-701
126
127
-383
-864
723
956
-465
958
-653
-817
614
-694
383
-583
992
961
-922
642
44
424
-348
484
-762
-355
481
404
558
-847
-347
-149
-3
392
330
935
401
-230
425
55
-535
828
-457
43
-616
790
462
767
-379
-366
403
802
773
986
-318
181
-418
-618
-925
748
-990
-537
130
-747
-770
236
-632
67
453
-182
-93
-605
-424
-731
-718
-364
-99
-788
789
158
13
-696
-923
-14
-567
42
372
-942
-262
635
-151
435
-698
-126
559
-446
768
-833
-945
334
-94
-724
-848
122
-989
-820
492
38
956
39
1000
670
-984
-521
985
-290
-793
864
-187
622
29
-700
-768
-751
686
75
769
277
97
-374
526
337
-512
-801
-179
64
642
-226
218
124
-602
-41
764
-310
224
879
-932
-100
-987
-72
354
977
888
-497
-350
-987
-689
357
45
-397
290
-750
-23
-335
-511
560
-120
314
145
-721
-782
780
-727
-942
-423
732
-493
-973
742
-314
113
856
761
-640
-769
682
-532
219
811
890
-284
-530
-329
855
-861
-969
677
141
181
-561
497
-536
604
-115
273
-687
12
180
-909
-520
-783
-728
-600
251
-867
-354
641
-495
361
266
-951
65
555
-455
630
-55
-831
-742
63
-399
-371
612
-539
-670
-295
674
-435
-174
99
311
-446
436
854
-50
331
263
323
-608
123
-238
511
-988
889
877
-707
721
-619
-372
-204
906
987
-3
-305
-423
169
-521
830
-228
-81
-240
848
-756
415
57
65
-432
584
972
847
-648
715
415
504
-458
-810
688
-534
-637
-1
737
629
195
396
-786
617
-332
25
-472
-193
-537
-47
317
-682
69
324
-561
-812
-941
-900
-42
645
13
473
938
831
-951
-976
952
-924
577
313
-787
531
150
-634
-712
101
712
-546
461
753
-801
-864
115
27
762
-734
-906
950
-453
-576
488
-341
-834
-542
-927
-934
-282
-568
-556
-83
-216
243
-656
133
-105
-764
96
837
-425
594
979
-133
-771
202
-174
-938
-695
-321
-285
-106
868
-239
-192
942
380
574
-332
-245
164
349
662
284
-865
740
914
-119
560
-759
-261
-423
922
294
756
884
568
-404
450
-584
632
754
-70
366
193
-815
-806
841
457
160
-238
168
-401
-105
814
35
403
505
-274
482
411
-376
325
711
-835
-729
-589
412
-365
-608
-944
-624
420
-769
-149
36
-282
-897
495
-954
592
171
600
-571
478
233
283
466
-48
-40
-796
273
181
-868
880
-173
747
-951
-644
222
-733
431
515
-621
852
373
-726
-548
627
265
-275
-831
334
-806
129
-588
632
979
-434
-456
43
534
-631
446
-746
-808
935
-833
138
862
-518
503
-194
16
613
770
352
-81
-508
-446
565
-303
213
624
-128
912
-34
510
-282
658
-675
208
940
293
816
-327
206
-316
378
-269
734
461
241
-47
647
2
-298
86
30
335
508
-217
-578
638
-574
-569
999
934
-954
-3
-483
-90
-803
-72
-793
-182
-309
676
238
796
-889
74
916
978
-89
854
943
531
976
-374
-536
540
-647
398
471
799
-687
-370
696
-378
958
834
-899
-174
778
92
628
-320
-185
-264
12
-795
-339
-773
380
147
-464
-633
-84
313
-756
-541
-935
-376
47
-788
819
571
-827
570
69
-699
231
530
613
248
778
161
606
475
352
-846
225
-363
452
348
-407
704
372
-430
550
154
635
962
931
742
196
-870
451
470
-201
846
101
705
-466
-713
-206
235
-93
292
-588
-764
998
704
-45
-572
719
-719
879
-747
-903
-42
147
968
328
-107
241
702
734
893
-484
-288
702
646
-178
505
-227
131
-777
-54
658
345
-960
-103
522
-809
973
32
-839
684
-690
-22
-373
364
-344
-171
62
146
-249
-976
-528
625
568
679
-947
871
-977
-221
181
-211
-450
259
-649
-270
-740
-843
-252
628
218
979
-659
154
-299
-177
218
-768
286
-455
30
847
212
-893
-67
-765
204
-964
-808
558
-964
640
-287
-872
-12
-394
322
86
-277
960
85
724
-144
505
766
76
249
-582
-128
276
524
236
-216
268
77
85
178
224
-496
-207
-780
-823
-637
-284
-589
-620
-118
-243
-722
71
-880
272
-682
-868
179
-124
421
-851
597
-919
32
135
-522
814
340
464
654
953
-506
-51
-230
-887
-678
701
-847
447
171
-957
-705
-132
-838
-315
629
828
-233
16
331
199
590
388
-825
131
-864
-393
-831
-148
-962
-508
823
994
-288
162
104
-269
-866
48
271
-169
-801
885
-34
938
500
-427
-424
-784
-711
-485
-852
-303
-245
669
370
956
334
873
-194
974
-414
736
444
-800
332
615
-570
-657
532
-56
-261
-285
437
443
-414
-646
739
-433
-63
-218
978
-368
-228
-853
-322
-961
130
-875
565
572
958
239
724
226
132
877
57
211
404
861
-414
-279
698
-233
399
-71
-253
-305
486
-472
-265
-768
276
-213
373
-426
241
-911
-802
-863
488
-534
-987
591
465
-524
-746
348
-850
-41
292
-267
480
-623
-144
-455
-112
-160
473
-416
835
55
-107
475
-257
152
-858
330
-883
-552
-578
727
895
-500
-950
315
-113
-127
108
-417
-567
-856
13
392
-866
-327
-236
-286
572
143
735
386
-396
-791
-406
158
-935
-335
582
-709
-982
571
888
518
-226
-191
-282
-978
509
-894
775
-652
294
-393
-176
-720
83
-364
453
-727
897
651
-720
285
-749
362
864
739
-591
-190
-898
561
-914
120
-357
-666
-855
838
313
966
140
-30
-808
-710
883
784
35
261
-923
-351
-574
407
328
-948
-309
-230
351
-740
806
984
227
-305
-762
-898
-819
-633
362
-893
-778
-296
-325
84
199
-281
427
-468
-460
-888
-94
497
893
750
443
985
217
-613
-982
-80
487
-507
843
683
-186
463
211
-846
419
942
-404
436
808
-103
-27
-937
-172
-744
-566
-70
121
559
-728
-62
248
587
-53
-69
-721
-940
-801
761
-429
297
256
652
764
615
-964
992
-333
131
201
418
724
102
-539
57
-903
880
-1
568
341
954
-495
352
304
12
-996
420
-384
-216
783
-972
380
154
-833
27
877
709
-815
-403
-614
-14
474
737
824
-701
426
707
751
271
131
-902
-803
-355
-596
906
776
-364
443
-979
-272
-11
-427
-89
-266
-658
104
298
753
38
-247
-995
-482
108
-92
861
525
-529
296
-479
981
-613
663
-670
903
-46
-623
417
-832
609
-575
925
972
-802
217
-94
-371
817
642
315
-192
591
76
550
184
692
-528
783
-152
119
278
201
-33
-792
-361
572
589
-470
-668
-13
700
4
-668
906
-3
-631
83
153
340
-331
116
715
-83
-457
-88
940
-632
825
-137
125
315
-803
-15
499
-789
-660
29
-715
-168
-510
861
-674
456
946
-16
-834
758
786
-460
-594
-159
962
-814
-411
666
-137
463
-893
657
-527
-366
333
42
300
15
-214
-335
-702
212
-41
396
396
676
834
716
237
129
668
956
602
-985
-403
-163
503
-245
-608
-718
247
377
679
438
730
0
-557
138
-413
-693
-490
-284
306
-930
-544
-549
279
-651
295
732
-934
353
621
-825
686
-789
-340
660
257
240
708
552
-449
409
-822
-860
87
-763
-621
-34
846
962
-702
201
-832
89
825
902
408
-814
950
-859
-812
754
824
-484
457
540
349
-805
314
-619
210
-890
-547
-213
-587
-227
-214
-59
-812
-685
724
-170
-721
-163
-685
-690
-484
-486
512
770
-672
-837
-224
767
-666
729
-83
913
339
745
728
983
824
-655
-768
-999
-991
648
-231
-753
-628
324
874
810
673
170
-328
641
-825
-686
383
778
771
-708
827
842
811
-914
718
-279
-709
-236
399
476
743
797
-82
21
380
19
701
-659
149
904
-964
265
-762
140
276
-110
85
446
-822
-497
-552
63
-936
199
800
-704
369
335
-172
558
545
141
-446
-57
-26
84
-261
-853
223
-406
-754
164
637
293
885
-509
-118
869
-595
-420
-964
-19
-72
-693
-346
-193
911
-45
-253
-409
-644
477
447
-376
-393
346
-464
253
-724
-960
-9
-880
-608
-748
-63
-43
453
512
-551
-22
-623
-120
818
-336
-16
-29
-831
-273
159
797
832
-832
-55
-49
343
-773
-51
-221
726
884
-151
313
251
518
-81
-10
-373
306
-223
31
678
-769
264
-593
-481
-667
-279
170
-272
12
-909
963
-3
844
986
776
322
881
-458
708
-107
-129
679
834
-579
394
-884
-425
498
426
696
651
-709
434
615
9
571
-800
-91
292
-595
-617
455
622
-677
359
-974
380
-883
438
-20
-356
943
-13
-174
-480
-458
891
346
-681
748
-244
-909
-510
-249
637
-417
-753
195
-970
-22
710
-593
-47
-395
-664
351
210
552
-663
134
-39
-489
-202
-182
-821
-386
468
-756
-136
-525
763
-581
-771
-254
481
970
-954
448
-501
119
558
699
-417
299
166
497
352
-573
460
-661
-946
952
-922
392
64
-110
-328
828
-658
-993
-14
195
-194
-718
98
-972
77
-747
-48
-27
-624
828
201
-998
258
296
-587
751
-234
560
354
-280
-660
864
167
-808
-513
664
-95
831
-988
-636
-146
-501
-657
-530
992
776
-986
784
782
622
458
649
534
454
-282
141
333
56
327
840
810
-745
-454
50
-640
143
-595
-169
966
193
313
-161
481
192
746
-408
-166
-756
-121
-200
-995
-277
-94
-905
-412
-805
-698
550
683
-849
946
-269
30
272
-642
367
670
226
862
-687
826
-928
678
-771
837
-228
194
328
676
184
520
988
-860
964
-877
-752
9
845
-131
-290
-797
-202
-17
597
-391
-726
-716
122
169
242
405
-506
-46
609
349
-726
-669
465
-914
931
804
-155
-582
458
-362
311
-375
622
310
-874
560
-459
771
-191
-10
328
952
-682
699
312
-490
780
596
-216
-59
894
-791
175
-3
122
164
-483
40
877
-258
-160
901
-33
-280
767
-999
-169
269
-76
-946
-260
599
-420
-246
-644
34
-121
4
-641
417
-135
413
350
-891
-936
-712
-672
-120
224
279
152
786
-378
-410
568
936
-688
837
-199
254
485
356
-219
88
-825
-631
-265
357
840
732
184
-476
-295
-686
182
-382
135
-748
762
-782
559
663
-481
-916
384
-921
270
498
-761
758
-692
790
-85
-932
180
520
81
-300
588
-698
-79
-57
-521
331
63
424
997
829
171
588
-590
-115
-21
94
438
-624
188
-49
847
811
-677
380
-725
-860
872
-329
871
-671
-932
-833
604
981
-283
906
-860
982
449
229
-184
-419
263
357
84
-1
-444
-702
-866
645
-403
258
-530
526
434
-977
-304
781
-86
-404
227
701
250
-511
884
-782
343
441
491
867
-175
-460
-311
-85
-565
259
-622
-431
535
-578
86
223
30
847
420
-869
159
-49
944
-735
782
297
951
518
495
-729
-406
-809
264
-102
-513
-691
489
881
-577
433
-281
-13
596
411
-698
728
747
773
96
462
848
330
16
-406
-869
387
406
-828
-578
-352
-282
-869
-687
-126
344
611
407
-370
-352
-973
233
-20
915
18
-476
-370
-368
391
-726
-795
345
-115
-857
773
-321
367
909
-817
-227
95
-989
-121
-694
617
-108
560
-694
-272
531
-110
-97
-303
927
-804
593
424
-598
-792
643
-925
967
150
-894
728
7
-702
176
995
431
-120
-522
509
413
353
645
380
-979
-395
-407
-243
-330
775
-591
105
-94
107
-49
40
729
408
638
-382
675
237
871
-672
-63
421
-83
487
121
-766
699
710
-592
346
794
-712
16
-823
-474
885
-477
620
978
2
-168
650
857
123
-597
-643
788
506
204
-535
601
-59
352
739
342
657
213
450
-469
945
649
435
-583
204
642
-312
985
-976
305
527
-971
881
344
168
-157
-482
-138
-952
907
647
923
166
409
933
461
334
906
945
-778
-934
197
691
-145
833
918
495
775
-18
404
81
-830
-402
-930
1
832
-532
-398
644
760
224
526
817
-880
-936
-376
-289
359
-334
-433
585
-846
210
28
268
-940
-989
-319
-978
-696
-502
-312
-226
-787
32
-205
499
-741
387
-854
546
60
21
918
403
666
-362
-67
-508
735
-273
-457
816
39
-150
-395
538
78
717
-682
90
967
-652
437
579
972
-848
-418
-216
634
-324
690
-202
434
220
372
882
-628
878
-469
-997
224
-325
-920
-194
608
-831
679
658
-111
-878
-24
-753
580
-117
926
760
-507
-317
822
972
-83
-592
-508
160
-913
-67
204
953
637
723
-439
-617
766
-659
179
496
-615
801
886
142
-50
935
-730
-834
694
458
130
-433
-260
354
-126
-242
841
814
-825
-39
216
-942
444
228
-881
-933
-781
968
-895
42
821
-617
-877
944
107
-400
-815
628
923
429
-516
-745
193
775
-461
-956
433
235
-77
42
-441
-672
337
45
842
-262
-872
-229
-90
-835
-566
-538
-18
648
622
10
318
-766
-816
-450
689
601
477
535
978
356
369
67
-120
422
-583
669
830
101
-396
-933
-628
-823
222
854
-475
788
-106
-399
-39
-273
-685
-212
554
662
710
-562
534
190
-172
-102
100
308
-32
484
-1
-147
249
-621
-419
-830
2
923
-38
736
-873
-238
-52
96
734
162
259
-101
-14
-27
-754
180
-488
287
-58
9
102
-529
-250
638
-971
-355
383
43
-801
-237
119
-643
-894
-702
-843
73
-626
-389
-237
-460
-72
948
-923
-982
-282
905
668
110
287
669
825
-559
-795
-360
580
-186
358
-469
-448
675
436
349
683
367
-607
532
596
-953
-539
-305
-214
732
-570
634
-636
209
-800
-828
-394
217
512
886
-404
961
-966
277
503
636
498
545
699
238
-956
-211
166
-721
485
-347
-393
-487
-571
928
-223
-28
586
222
-974
-953
498
-906
411
874
-741
-968
-234
-200
505
672
435
697
591
-359
423
657
-894
795
559
180
948
-178
-551
125
-601
85
665
99
-951
606
-772
884
377
855
-187
53
-756
182
475
321
-177
275
982
929
74
-442
-70
812
953
162
729
660
833
-408
-40
-869
-114
-937
-118
218
-321
958
-15
433
933
172
-998
876
-731
-751
-12
516
-731
785
814
-14
-865
6
-660
-637
604
572
-259
-185
-476
699
-145
648
-900
-696
302
264
-46
-933
-408
-72
481
754
285
386
742
416
365
-908
-775
-439
172
78
338
278
412
193
-9
-245
785
-443
-883
319
-432
-311
-556
681
875
-296
56
206
42
-793
860
-772
-929
751
-157
-617
805
127
-370
72
-150
195
-115
-318
-42
768
5
-837
-465
-501
-344
-168
143
626
-180
-560
350
-400
-843
-102
-533
910
68
445
45
-46
-609
-3
-722
-964
200
-5
12
-394
-354
-541
21
-16
231
-721
-754
953
-914
-432
899
-386
853
-262
-2
-872
391
12
-302
-72
990
480
-704
-341
-354
178
-30
646
-475
-266
-494
-846
-423
55
-688
-691
-161
-869
-253
3
792
-904
628
303
-93
285
-794
-760
-281
-311
897
778
588
530
-447
775
-305
-380
-42
-913
429
-5
-634
199
-323
987
-564
-551
-890
384
621
191
208
186
781
-945
-33
899
-685
-923
-500
977
-262
506
146
-524
822
488
435
-112
-893
873
808
134
18
-732
-808
300
993
300
68
808
-565
20
926
-514
73
229
-383
-84
455
395
-320
-209
-883
-315
502
215
245
293
751
571
15
-659
195
-911
395
-378
335
747
-627
-888
283
-638
-911
-538
-774
-23
772
696
976
-170
-583
-280
-221
840
-562
-586
898
-690
624
-344
264
-945
752
-888
-774
373
409
366
252
421
295
-137
489
750
515
-544
106
-528
-706
640
62
41
-274
479
399
164
735
-403
-170
-643
263
53
105
298
729
905
-686
-895
-657
791
819
-447
617
-925
-443
230
924
-758
989
689
936
-968
-864
-706
-957
444
642
-909
-200
825
140
698
-508
36
-659
708
-960
-443
831
836
815
-439
204
-569
66
393
-226
491
-896
-461
379
-527
-248
-975
698
902
-15
268
-42
-105
887
513
543
750
304
766
-424
19
466
88
49
877
-793
-172
504
508
673
627
-992
-552
901
851
-886
764
862
967
743
751
-619
-900
534
-225
48
-624
924
906
-789
-375
-503
-586
103
81
-745
569
742
49
170
-253
267
-482
-728
-405
-676
-506
974
-128
-637
353
-266
439
-259
-943
-673
-423
-185
74
-724
383
-910
-627
283
543
904
-732
723
92
-885
361
756
-338
393
57
-889
-490
386
-798
402
-163
-898
-7
176
287
159
249
-857
861
77
916
-285
545
897
-8
937
811
-367
783
-446
540
309
990
753
231
-580
373
538
-13
-982
939
557
751
273
538
-822
691
654
-891
907
670
875
982
875
21
-876
255
-732
410
898
-936
-325
736
439
573
-304
-367
-357
534
-486
235
-56
-73
847
144
957
-987
887
446
-721
-110
-920
118
-309
18
149
-112
-598
-962
-356
711
-694
153
982
574
-752
-466
713
406
-131
851
273
-395
734
-727
889
672
-223
370
-382
-482
-206
-233
-465
392
554
665
260
-442
114
469
-186
708
923
-469
490
663
-841
-12
797
479
173
-700
104
544
506
461
442
253
-657
133
-455
361
439
652
174
97
27
-630
175
-50
-558
711
-379
37
-862
-154
-109
416
-555
531
-162
63
-952
723
-160
-700
-882
41
944
-747
-674
-939
376
25
524
759
-53
-385
234
-145
559
-173
454
-422
-740
-225
982
109
879
-376
327
-520
844
982
672
738
154
768
842
315
211
-196
-806
-803
-584
195
513
704
-409
168
-540
-434
-747
201
-24
785
949
-976
-791
-78
-49
907
698
-529
836
-259
-432
838
73
-171
571
-851
-851
315
-362
963
-224
115
-132
93
-400
591
-901
-178
462
-635
249
621
-562
823
861
-669
-484
-345
588
-187
-55
196
858
163
556
-198
975
-672
96
255
-918
460
-398
583
444
252
65
-23
62
-338
-955
-977
-1
37
553
519
-654
277
-404
-328
474
453
-155
-663
-927
-929
-130
127
568
557
-626
945
-671
376
978
-285
286
877
567
36
-973
-136
-117
-270
304
570
969
32
120
-491
567
642
-787
692
259
98
-603
-268
-279
-641
-745
-614
788
-665
595
-594
266
-602
-164
-639
712
122
-924
-661
229
-426
509
557
420
-833
697
814
380
-99
-370
105
117
-556
-530
-642
-920
355
-575
-818
-143
-100
29
565
-230
-219
-9
706
-744
731
-115
-88
-381
836
50
446
905
-142
-28
826
618
165
235
819
454
-203
-394
347
550
-633
-544
282
-70
303
275
791
-737
-335
-84
-781
668
616
-931
722
544
840
134
23
945
71
731
-525
-896
850
-543
-921
-648
212
180
961
-277
-876
559
979
-390
-372
-172
-548
-840
-70
-369
535
-450
673
81
719
922
787
-34
-981
6
934
647
415
644
434
-988
-134
-804
-297
-429
-155
-396
352
462
-828
-81
-300
-657
0
-293
420
-269
-950
505
656
464
-831
-358
910
880
-804
516
-91
394
-435
-898
861
-974
-393
-434
-544
-133
-297
764
963
526
365
-27
464
448
197
-989
268
-513
-759
313
768
-320
-534
-813
668
-464
-890
430
761
925
-447
-745
-102
-271
684
-534
-534
-194
127
-708
-536
236
306
-848
-427
-623
906
137
-493
-437
-102
374
13
575
445
276
475
403
-453
-388
-306
-113
-90
590
374
890
-420
786
646
-249
846
845
-142
-450
-736
243
-313
966
155
440
-325
426
658
-84
-490
820
-492
-365
268
733
-839
-648
-161
814
-390
-554
-632
-370
-516
627
838
-226
547
415
-275
-383
989
566
666
-763
-905
-870
-449
-44
-405
30
-978
555
-805
221
550
113
-373
-508
-917
34
-336
845
346
-701
373
618
792
-909
-542
-615
-588
-899
733
-84
-736
108
520
678
-562
-665
-115
-88
142
-688
320
598
850
-570
753
-434
-702
474
-878
830
-30
323
135
751
-351
429
-943
847
277
-256
-638
-234
-619
-629
553
965
-40
927
567
-139
793
-823
-473
-565
150
-554
693
742
-740
800
260
556
578
920
204
318
-28
741
365
97
-662
219
988
-435
300
-969
782
-594
-792
38
740
-277
-541
-885
-980
157
-782
807
244
-373
931
385
785
-492
-460
166
-41
291
-98
877
-425
-47
244
-308
-371
447
379
-741
838
957
-213
261
197
316
-168
302
-931
-95
-686
316
-330
37
-666
-731
805
632
663
261
-997
251
489
-757
682
-747
271
405
659
-694
155
906
-318
-874
956
-910
755
837
-360
369
338
884
-248
497
-939
895
-180
-501
971
250
-297
-599
264
-564
13
45
-323
738
640
-196
-167
-75
119
806
766
500
28
871
-101
-459
-57
-657
563
308
565
712
-576
-493
343
-969
-923
-507
972
-678
-703
-225
432
654
-422
837
174
718
-51
-310
-949
-412
528
180
-350
590
-837
743
-548
-882
-485
366
-119
-397
-389
365
-228
-536
-901
823
827
-521
824
-144
748
-195
-888
-395
427
361
-335
435
224
86
-682
768
162
7
436
-611
945
131
-254
-769
257
68
230
-407
-268
875
244
526
961
-492
692
-964
-754
-820
-858
304
302
888
-341
-853
-675
264
485
-720
-941
-331
822
467
558
-801
-464
37
-763
1
-666
-283
-915
-297
450
-479
-209
-208
-722
-743
189
-224
-684
-654
223
457
-989
-803
-453
699
-593
706
369
-365
-277
902
-459
-822
-126
566
22
861
359
-60
2
-860
-360
-938
821
959
-895
30
-689
-915
-98
-902
-520
935
-525
-674
-694
-901
-112
848
-930
-49
760
-436
-874
-468
882
-21
674
-81
799
852
-527
240
-870
-980
925
-467
746
-354
-779
248
-186
766
176
928
551
-935
904
-580
-791
-624
-316
865
795
388
954
-103
766
722
855
-817
695
-460
-826
843
-655
870
581
571
-477
-874
-236
-704
-177
-436
-304
-921
-486
469
920
-87
438
363
-410
152
-86
406
794
874
-999
-260
-638
-586
26
-692
498
618
-17
641
-493
-952
678
-748
969
249
-468
862
-917
367
-388
-550
526
567
-541
760
-405
-480
-485
-254
635
-452
463
-623
595
-531
806
-311
898
540
-281
-915
-93
-102
-345
208
-378
-245
-188
-328
344
-776
897
822
-628
-122
-724
907
190
-736
-947
177
619
-990
-694
-282
-974
685
123
343
918
-941
62
493
-414
-639
-33
-801
787
-959
-393
954
923
-392
-493
439
919
-607
-409
694
841
-906
649
-356
51
39
-155
365
391
746
252
333
-628
886
263
200
-351
-717
406
79
396
538
609
-857
-689
-40
551
-830
407
688
799
457
58
-510
-364
-600
-44
-11
633
-519
499
-15
186
-917
761
-210
-485
916
-440
-240
-25
-166
406
168
-998
347
258
-697
-667
559
-721
-990
272
294
-463
935
-375
-643
-470
494
-188
989
528
846
-576
-122
495
215
-716
630
10
622
-149
-933
-421
616
115
-621
441
-677
-398
791
961
-598
-296
-621
834
834
-454
-460
-308
-162
49
-858
724
734
-63
-78
-550
326
-267
907
68
683
-266
287
108
-884
769
649
-203
-61
559
-401
-986
-164
985
-945
-727
170
-30
846
717
-535
83
-267
-522
-504
-327
872
-913
916
153
-929
336
865
534
-31
-707
-694
557
-759
-326
-100
852
553
654
-186
-752
955
29
-134
-559
-287
446
-345
-296
-579
802
977
-999
-618
438
815
217
77
712
-212
86
-871
-450
-632
475
214
-945
-589
-393
793
313
-243
122
-570
710
-399
440
-110
209
-738
726
-211
-594
-201
434
370
228
998
-714
303
-691
-412
-747
-459
-885
220
925
-251
840
663
133
85
864
449
89
-385
-17
-558
835
241
-341
-528
-226
981
47
824
772
191
677
752
717
244
-243
-745
429
136
-579
208
809
850
-48
-205
-378
796
-773
504
-992
577
-332
415
299
-155
763
-987
-393
-741
-606
431
597
525
399
844
91
572
-779
-463
-73
372
-129
-632
-932
-705
438
-807
499
-438
-349
149
-305
160
712
-447
-435
-871
568
987
-756
822
-521
-286
-917
-967
218
-352
-400
-418
-609
-147
176
797
-610
-563
-998
824
995
-667
268
-505
-862
-545
-912
559
-3
43
-409
880
-414
580
447
-412
68
-705
-245
639
-348
-809
-742
-94
-163
501
-334
-701
-593
-497
-726
904
138
849
-965
-316
-836
-623
-820
960
773
754
-584
-200
-346
-418
-638
-47
399
-430
285
-611
108
-829
-830
598
73
55
-511
467
-37
-631
-54
804
960
-742
-907
508
576
-304
904
-248
689
360
950
10
-504
-30
656
581
93
139
857
989
347
-168
626
-777
-126
47
178
-835
-352
949
882
-583
950
495
399
151
853
-458
130
-354
-387
-159
-309
-743
-392
596
-131
-4
-711
190
201
454
-875
-284
70
-728
953
-398
310
84
688
959
887
-819
556
922
125
-536
-751
666
544
-132
228
780
792
-621
333
-454
-507
999
-842
468
-667
412
-878
-271
-696
634
304
988
-53
774
165
496
-424
313
813
766
-223
5
143
24
644
-947
-841
6
-712
-412
823
118
-466
116
653
927
268
-268
679
596
788
83
447
278
285
-469
97
274
-626
213
847
709
-992
184
889
-142
-400
595
-496
-498
288
287
-411
903
661
179
-383
-356
-738
807
616
784
-976
-404
38
914
-828
953
548
181
-181
-180
644
-567
85
679
-732
746
-54
368
-480
-456
922
259
232
-909
-144
-200
340
524
-949
-791
783
-204
-427
-684
-882
503
303
914
-615
792
-973
-189
-180
-21
704
-791
-979
938
-553
204
105
428
159
-341
233
-588
-728
-868
0
272
993
477
583
825
226
929
-190
52
-779
-280
722
-774
180
-476
333
-929
-945
413
-329
999
-29
663
991
-297
-940
-220
61
-542
303
-144
-331
843
520
19
-971
889
-703
180
298
-83
781
779
-85
-293
-891
682
485
385
384
-426
611
-687
577
720
332
583
983
645
-266
-953
14
-714
-181
660
-494
22
-59
804
-26
-564
655
-995
-941
341
-958
172
-860
969
769
984
771
796
525
884
162
475
529
-860
-436
-163
801
-760
-300
921
267
-435
-135
-59
-625
693
6
-766
-581
785
727
835
-265
329
174
196
-127
-411
-412
721
-755
60
-229
-237
946
-880
923
704
-89
-720
590
-409
122
610
-896
128
341
-428
652
-297
-777
338
208
187
-160
321
998
480
104
-169
687
-797
367
-493
183
554
-638
908
449
79
-321
-889
-50
-423
-812
-522
-600
6
756
-20
-378
-40
-540
731
467
147
770
-586
-374
-168
261
482
576
85
12
517
731
214
-443
494
766
-274
-869
641
851
-762
-49
258
-714
25
-739
-978
417
325
-449
165
-116
523
-708
750
373
895
334
-58
-640
-808
-332
-844
-533
-551
464
-752
-217
-109
-595
646
310
-677
414
10
-755
402
-695
-889
-616
-548
-492
45
-282
-13
-510
260
-855
986
702
246
867
627
-312
-579
-673
-369
500
89
-347
588
307
886
619
779
919
-635
-861
-303
954
-31
-937
380
-530
323
121
-381
865
-758
-897
859
-436
168
420
857
-194
432
285
-980
-756
359
-267
398
-558
-204
-600
-812
144
208
972
-147
-474
160
583
-805
-199
2
600
-695
407
-137
751
427
-571
-32
-970
642
-242
200
326
440
58
-728
-330
263
472
392
123
13
-506
587
728
-735
-734
298
-87
624
-102
-157
-569
451
617
849
765
-264
-959
589
-681
985
828
-341
-456
949
976
-912
-754
-702
932
160
985
41
-423
-292
-627
892
-959
453
873
-368
443
337
-480
525
-414
-667
364
294
-507
89
-958
-553
-139
-453
105
-457
-169
439
285
665
-398
-581
-71
649
-772
-412
713
-91
-217
-532
137
-155
-431
31
-738
-420
-815
863
-733
-220
858
560
910
986
-786
-49
-179
-709
-873
728
141
-506
-669
-426
-517
781
554
-796
-343
-951
-396
674
-6
-452
-247
658
444
455
-948
305
970
-208
10
-916
31
-816
783
-340
22
-789
-498
696
317
708
447
745
278
670
-338
-134
394
890
-473
537
68
-709
-218
792
-778
863
587
823
-352
-211
498
314
699
-971
-457
484
-947
-157
-612
467
-249
-587
-242
-965
328
-186
-909
167
33
-207
-955
-986
141
-769
75
444
272
747
-236
16
776
-977
982
-837
228
469
-78
-757
-563
-443
-849
774
243
548
-600
263
668
-207
213
447
-52
-987
415
-419
663
-168
-871
-754
337
933
342
-673
915
-4
564
-721
763
225
-256
-673
740
933
418
-804
331
929
728
150
403
73
872
247
-79
754
-847
-755
-66
-511
866
612
860
-928
-844
-22
-855
-237
-683
-688
893
-759
-543
459
-64
882
-213
-286
884
978
-636
-279
944
814
-593
509
972
-41
-989
-168
57
-148
-333
750
577
-591
27
-745
42
-143
425
-415
422
-548
700
-460
812
-532
-667
68
947
-870
501
-624
869
412
-744
899
260
-737
690
-543
-831
-519
-352
-908
756
160
-763
-366
199
-449
-737
792
819
336
-96
-375
-917
422
-533
-44
32
-32
-10
-467
-122
-79
-580
717
-547
621
-66
750
594
-959
538
-594
-411
-776
284
867
-637
604
952
398
-283
546
-324
289
-403
-127
197
935
498
-976
-63
-763
-558
-935
-885
-76
654
-294
-197
-77
283
848
692
56
948
-91
748
-624
423
-983
-471
-163
765
-253
-428
-786
-311
-252
503
219
-4
-479
-285
923
-87
656
327
777
334
-95
-34
945
191
655
-937
891
-467
-375
-416
808
-346
689
77
415
574
-767
664
-762
-904
776
640
768
-910
-721
-448
-336
-840
-839
579
-992
-377
462
-360
-832
44
-925
-740
873
-436
523
138
-951
452
-41
165
931
-917
-680
-239
-609
858
-884
-545
670
-72
37
552
793
-448
-802
-521
-990
417
316
691
-619
-600
-26
-957
-787
947
-821
225
308
366
649
37
269
-72
-603
-340
-874
917
-918
328
253
-532
-226
-880
445
-462
-656
-887
483
-546
27
-357
-505
980
226
75
411
-996
503
305
-761
476
-730
-542
-19
-702
-914
-300
422
-986
-506
209
362
254
-192
13
872
-19
-51
981
-644
133
637
307
221
819
445
-886
-496
895
143
-830
763
-886
828
-367
422
277
279
-858
211
-750
686
-46
-744
-702
-744
550
-237
13
192
-553
15
-637
-458
875
428
-355
444
154
617
326
-792
634
865
621
-450
341
-579
801
-299
-315
323
-758
-747
-721
-860
-998
-956
-425
-941
-185
-625
393
459
-563
-548
744
-350
-978
773
-962
692
812
263
-832
383
-662
-76
-251
-995
124
428
-931
-368
950
396
355
-657
-712
-724
-548
767
436
99
352
59
101
990
-972
490
-301
793
134
-836
-388
-680
-613
-132
-210
-518
-734
873
-389
855
342
599
-420
-571
568
494
-14
794
-773
291
953
111
-106
904
494
79
-827
-12
955
119
-630
892
-669
348
-173
-974
814
-162
-169
-316
-962
587
-222
-272
-971
-403
-803
-397
-802
856
-219
-38
-518
883
-252
-830
808
-86
-654
-255
-685
-856
-577
865
-990
409
28
796
905
713
331
-932
-347
-757
-235
-459
-391
-139
-378
-494
829
-19
-143
-827
250
595
-622
-983
436
380
346
-34
411
457
-726
444
636
473
890
-839
224
-107
-378
-906
326
729
137
620
-713
-354
981
-10
-632
236
-272
-591
-467
748
470
578
903
916
348
-413
740
667
-305
-738
43
-166
-296
-924
309
-929
-853
924
-276
426
675
858
-435
240
95
-791
125
-262
-981
746
529
744
-228
-180
920
-248
874
121
465
-578
893
-870
427
-892
-137
-422
-695
699
923
-792
-90
453
-105
-179
991
314
-575
295
366
-738
-44
838
-199
54
-397
-913
374
384
708
44
-954
506
-340
-503
-965
-831
981
-826
-25
-63
737
624
17
-839
-756
135
70
-159
-240
778
-462
666
-804
-653
-897
998
419
-13
448
553
859
347
-836
-177
-720
-493
227
-919
499
-228
748
330
-700
-870
801
800
-697
914
306
632
-942
-510
788
-110
127
775
-845
-503
-444
-697
-808
-411
-829
-53
909
752
511
-517
-641
-510
-857
-496
-52
-762
-279
-31
867
815
512
907
-141
-868
728
-708
-842
345
646
855
-352
944
-714
195
-876
40
-959
186
-596
439
-73
-577
985
-3
-834
-840
-457
446
-529
621
-133
-490
-757
-674
-384
785
957
25
-288
179
693
936
-42
310
994
-619
609
869
-165
869
541
519
463
-453
-994
593
-283
809
-966
-992
-738
-561
640
-424
-282
-764
-905
-36
366
-143
911
-875
830
152
-619
-283
-923
-46
-916
63
197
621
-792
-172
-227
899
463
465
205
-447
43
-202
-219
175
-630
946
51
-334
703
-693
898
-702
53
-494
950
-597
-688
-953
-950
-608
-821
-530
457
-315
-672
129
673
113
-302
897
-95
422
937
-277
-254
-895
681
-969
-297
426
-448
-960
-568
-324
674
646
154
-633
15
164
-115
-918
227
171
647
275
-382
-200
950
-919
-161
397
-336
445
-460
657
-858
265
-161
188
-693
978
86
-679
-742
-226
521
-766
-634
-813
491
-783
766
801
-824
-923
-144
-870
-135
-484
-654
872
459
-116
234
-974
873
396
-281
908
334
-102
-982
672
-706
605
678
403
341
993
359
788
306
781
478
815
363
-650
-712
171
108
818
-804
-538
539
-123
-454
333
520
-464
703
-322
542
102
-552
-611
-11
-610
29
114
125
-468
-47
-990
-432
-441
942
-909
914
22
-46
905
-763
182
215
709
611
661
-743
328
-926
-163
772
-760
532
-835
-890
434
627
809
243
-367
652
-681
977
-69
-490
-475
923
391
303
551
971
-384
-110
-999
641
-731
685
960
241
-99
-24
916
-326
582
330
251
171
-263
-563
-835
-213
131
-460
-173
-645
-791
-419
361
814
-613
-430
409
-767
-849
-901
-49
217
-610
777
-336
847
-875
-598
329
-489
-223
-243
927
566
-220
-83
-763
94
465
-825
-949
-240
832
18
533
130
-725
-661
-68
751
-566
-20
632
531
437
-586
-648
786
286
-357
-104
639
-123
487
-755
600
-572
-792
108
987
-86
430
-686
795
-221
-531
-22
690
-262
-882
774
-911
-621
273
63
-135
918
-128
648
-335
-977
930
562
-319
-718
380
-737
743
-191
-733
-423
736
-162
814
-756
933
911
-674
-293
-398
954
781
191
-398
-839
10
-564
224
759
-324
-722
-918
429
-695
-645
179
942
-612
-867
28
-546
-207
428
78
861
897
-291
-352
-692
-457
-97
625
-178
621
545
684
470
-368
-481
583
-887
-522
-562
-28
516
197
-368
287
-382
945
-225
366
-196
733
441
-678
594
739
-84
452
-800
-977
498
352
-807
681
-419
295
390
-948
356
-486
-77
-460
-648
-768
-418
-818
145
-376
-539
703
-31
-197
-558
775
-740
-123
-145
-106
-318
-286
456
-721
30
347
769
-455
393
803
209
586
767
-845
-419
-886
-167
189
63
35
318
66
-444
570
542
976
-670
714
-328
897
-416
701
721
241
661
457
482
812
684
986
733
746
382
863
-333
-218
473
-615
-662
-346
585
-906
-636
-454
32
292
-281
-700
54
-774
-653
-250
424
-532
-847
415
739
15
-666
-337
23
-573
411
-873
364
951
709
676
779
374
-698
-33
-708
677
1000
733
-366
836
124
845
-533
692
771
-41
74
-904
-86
362
-91
704
522
-87
-697
953
-159
95
-21
533
-444
-777
224
157
-915
-618
850
971
454
-322
886
-236
399
831
-638
-487
-609
642
-511
360
-564
516
-140
271
-878
-506
-150
955
-182
785
-286
-77
-283
607
-707
269
63
-367
-661
313
-852
658
-830
-929
880
-885
115
624
-756
-273
-273
-228
-479
611
-371
176
948
14
-363
15
-938
-820
472
671
856
-209
319
441
654
-941
205
-767
365
473
-576
307
-958
906
-695
-476
255
-752
285
-492
139
-997
930
-476
165
890
-975
488
767
-268
-51
-161
44
-314
-642
-679
623
530
89
980
802
407
714
997
-765
828
-614
817
-748
-334
163
366
490
-667
795
-831
-977
-372
890
372
26
-864
-978
33
788
-927
-693
82
580
359
-908
796
281
364
405
496
-120
783
-30
398
25
926
-711
554
968
192
302
874
-652
913
-843
131
-736
197
317
-3
-156
-344
-318
626
-964
-1
-828
592
-619
-101
579
164
728
-103
112
-995
-414
-228
562
65
-677
-826
-939
-353
318
860
362
-157
34
382
534
-942
-197
74
-578
-508
-962
107
455
467
445
957
945
-101
992
-718
609
774
-256
24
-237
686
-64
867
948
977
249
775
-401
746
-27
-152
-276
772
-904
659
596
-120
-318
244
-840
189
606
-197
940
603
116
773
346
59
-484
18
16
735
458
-575
420
34
-986
-847
165
-75
656
621
-835
-992
-894
332
-21
419
999
315
-781
-262
811
-853
456
771
-465
710
673
238
-789
261
243
-792
444
479
371
-851
357
863
129
506
-799
464
-994
-999
395
-565
602
-560
377
0
74
-663
574
336
-66
-274
767
-596
903
-389
-534
-543
-370
-685
-839
510
920
899
179
756
-115
-842
154
-95
871
611
-796
983
594
-689
-407
784
852
18
-767
376
414
-760
66
829
-549
680
-862
730
305
882
-648
-494
-687
372
-289
15
-487
-983
-322
-703
387
-907
-691
794
844
772
-983
-422
-388
92
-864
134
792
-559
744
224
-472
941
-845
243
298
272
-794
-523
-857
-303
-434
-97
-274
956
-794
-608
947
714
-454
-284
-45
-378
546
664
-418
402
165
-15
-518
881
288
476
-90
-646
580
-914
145
-804
-570
618
-682
-831
953
-75
130
394
243
-952
-653
-289
-437
-799
679
-878
795
-117
-216
202
665
-655
-643
935
256
-632
-584
437
658
567
670
545
588
694
854
306
-258
-879
135
-393
-349
423
350
793
716
-285
-802
878
330
-916
480
404
-654
-873
193
-821
993
-707
918
-475
-926
-162
-469
973
-651
342
-835
-501
971
275
896
221
787
913
-660
973
-503
-726
-788
-202
-928
551
-907
820
682
937
562
-749
94
182
-396
-206
-710
482
-641
261
-934
143
14
690
741
632
-357
72
-148
-702
-10
489
-201
610
-212
875
181
-458
642
-509
-289
-681
-351
756
-716
962
835
-912
-752
-88
289
101
-635
409
-243
219
563
15
-262
-514
-115
-210
197
-64
-636
-810
-57
-235
-600
105
963
-396
-42
-916
552
-383
-220
-552
-67
183
-664
-278
882
-517
641
188
258
-834
-260
687
866
-488
-288
-71
242
952
-479
446
-616
122
-707
951
-747
372
-594
-631
-330
-62
26
432
-159
493
-136
-553
-946
-209
-523
-535
190
995
-242
70
-595
573
-414
-832
330
-132
781
419
-189
-855
361
-895
-906
591
781
408
-254
-197
981
-920
-17
-642
-907
374
-728
-807
439
-48
-814
396
416
-795
196
402
-256
-778
293
177
-843
568
269
885
399
-570
-889
906
628
-133
994
-96
394
347
-758
92
709
623
347
761
-930
286
-909
-239
-836
168
454
734
-868
99
-439
-978
390
-257
510
-701
788
-998
-304
-32
144
-630
-730
-305
-301
212
-703
657
134
561
-825
404
612
509
-31
-980
-872
-330
145
575
-84
-228
-951
-785
752
795
-407
-247
269
-475
-954
-897
-137
797
-887
244
-717
-556
-241
785
-825
994
-189
-909
341
53
353
-931
-134
-174
656
96
783
180
-60
-803
985
731
255
-827
118
956
562
-73
392
292
965
-515
-703
121
-84
-303
319
-68
197
562
478
354
-449
-299
26
321
-789
607
-302
337
-85
-880
-292
-560
199
680
-965
807
-981
-325
-54
-485
160
-740
-517
-733
-29
-230
363
896
134
229
-912
963
-541
-436
416
-286
438
-443
929
-30
-407
852
797
587
-26
-632
-713
785
-868
584
-317
-779
-5
788
-319
308
374
97
-929
985
511
156
400
306
348
-794
367
935
840
63
-220
154
-737
-986
-175
-274
-209
-4
-251
128
-435
21
-133
-19
-760
580
-17
-226
-752
-942
245
256
566
63
-451
570
-820
-869
-964
589
50
58
-35
679
-562
314
502
-728
-642
25
84
-971
329
-636
-117
75
949
563
-747
636
340
22
-765
-678
-932
638
-611
506
981
63
-992
568
305
-607
-744
-688
64
137
857
249
169
994
520
678
-832
196
-841
-588
730
-604
872
-680
-887
-904
114
-552
662
410
-160
755
-269
143
-462
-801
-853
246
569
-118
310
-21
709
-141
-266
258
-524
-388
968
-474
-322
639
-540
337
-381
-996
770
-758
312
782
190
-389
-702
-666
-873
-323
-270
-373
-612
-129
-266
-438
-543
258
-339
475
117
-793
-233
277
-255
-291
687
660
-227
-270
937
70
-964
-861
-511
183
215
994
591
506
-591
671
-681
654
-183
382
423
-220
-11
406
-411
-91
490
569
989
86
680
-898
-991
949
987
-951
5
411
178
929
817
-724
-796
-766
111
9
289
584
-931
-183
12
-603
-957
44
-404
718
339
-940
345
762
487
-581
268
-83
657
-660
262
188
154
960
163
-66
-731
369
420
745
-381
-522
354
-382
765
-580
-896
-75
26
520
744
444
-131
-772
315
985
-512
-604
-448
385
-362
-237
757
-681
660
580
51
-265
-638
654
-905
-181
-299
-320
-466
-575
305
592
97
-557
502
-41
-668
-439
-510
-361
688
48
638
-546
671
546
-744
101
684
-125
255
323
-702
309
152
-79
-985
-895
745
-218
-351
872
440
77
-306
661
-535
277
150
-710
279
633
-705
503
194
-57
-340
-362
417
-195
723
-339
-612
315
906
-586
379
-780
-36
-148
-882
-504
894
-638
567
-334
-5
249
-313
