654
809
-731
803
-788
665
9
289
-689
-379
-71
-73
-196
-556
-84
532
-259
-897
770
-509
254
-982
107
370
-556
-183
-202
-436
-137
-96
-433
-34
-26
550
-792
325
324
806
903
-575
187
232
-509
33
930
-501
-212
-11
50
915
-326
-948
631
-950
269
864
-101
229
-715
641
-736
53
-231
523
444
606
-747
96
-374
-975
-935
-147
463
902
600
803
999
-1
-307
864
823
242
-309
-653
-325
-504
-311
923
-295
-760
613
786
-689
222
394
333
526
-329
-180
-462
470
-222
693
-711
-714
-841
-652
-965
35
646
-820
-268
-789
782
58
-745
-564
-966
104
-643
-926
4
904
-656
-924
-600
266
680
388
-38
-296
-281
291
827
825
-646
-297
-623
-526
126
-452
-914
-80
188
159
-892
-546
652
205
941
706
-9
-373
609
-693
375
55
-212
556
-177
266
-352
996
-495
-406
-561
333
517
-89
-854
996
239
-293
-457
-897
-701
293
-889
988
967
-867
523
936
933
-378
409
-724
-405
38
314
-824
-822
933
-237
461
211
-306
-817
857
-59
2
856
-865
-133
-493
-895
-718
812
-853
-886
26
-143
979
34
-975
172
-270
664
-593
-427
-230
-656
946
809
-472
900
94
327
89
434
400
896
-801
-77
531
-468
-139
274
88
-264
575
-559
716
-557
-915
65
527
420
-228
-395
73
-424
-451
676
808
-286
161
278
-390
290
-994
194
-64
637
-736
-224
101
-151
-870
-78
633
-712
-100
-406
-786
-133
561
-389
-865
-305
-598
-466
762
464
819
784
-941
-678
-115
710
569
115
491
476
-919
542
-729
309
-689
487
-951
946
-181
950
692
389
38
-168
-844
-376
-453
361
-281
249
-566
587
984
323
290
-83
-924
5
-299
-172
-158
983
585
668
458
-203
-84
-56
-804
479
206
-542
247
494
-217
619
-74
-550
182
-68
610
432
-853
349
-987
866
-362
-124
-588
-659
-659
-15
212
-753
-770
715
57
174
-742
91
389
811
658
-379
-31
-379
359
-894
445
-27
912
634
673
-336
804
697
899
-984
924
-313
-335
899
885
324
-658
983
-23
-503
172
582
315
-929
-647
714
-11
246
-707
-286
-792
462
-896
-556
201
923
-210
715
-963
518
668
-897
-848
-954
-401
-803
231
-692
873
-670
861
-137
-831
287
-580
-664
-191
310
220
534
-898
-668
786
25
588
-59
631
661
748
444
-650
-260
-428
-554
-964
704
-707
-171
-483
391
989
651
-525
-263
622
303
268
41
-302
518
-864
-567
534
55
-848
-757
-160
363
863
954
720
406
200
29
-34
-69
770
-516
-936
-170
217
735
-675
512
606
-854
44
96
-860
-612
-321
-356
927
-261
-600
710
559
-965
