75.0
59.8
16.75
63.58
77.63
84.54
23.6
98.38
16.4
98.91
28.75
20.16
98.82
71.2
40.03
10.03
37.84
69.21
6.63
16.39
55.58
91.08
54.7
15.41
98.63
81.2
49.07
12.01
42.25
82.83
53.65
74.81
70.8
11.55
27.18
60.04
7.54
40.26
42.4
56.99
19.95
25.96
15.36
88.39
50.85
67.78
70.49
26.87
5.61
68.65
43.15
56.91
69.91
0.51
44.24
62.82
81.8
25.66
12.83
48.55
70.19
97.87
64.28
39.59
30.45
18.3
49.25
30.14
64.83
12.3
53.17
10.55
30.19
49.27
26.69
13.7
47.83
10.07
34.99
49.52
93.59
37.99
44.06
2.86
62.03
19.14
48.09
79.67
92.09
28.34
5.99
90.21
21.92
17.96
6.15
28.65
43.32
72.17
37.63
98.56
