9.22
48.44
38.26
83.99
95.95
66.28
73.33
31.38
76.71
52.52
61.17
28.0
19.5
85.05
5.28
83.59
64.85
80.16
87.55
45.35
33.92
66.73
36.83
60.67
4.34
80.63
64.02
56.65
89.13
64.92
82.37
62.31
28.71
38.23
32.74
35.13
39.03
52.88
43.31
91.48
36.19
21.94
79.39
28.7
75.84
62.58
37.64
27.08
50.52
23.2
23.96
45.42
68.74
88.0
7.55
61.08
70.9
99.36
18.37
86.85
46.19
17.99
0.6
75.87
15.42
61.06
29.19
58.63
63.5
44.61
89.86
58.65
94.08
11.45
77.89
64.89
75.42
24.54
58.43
35.78
10.48
17.85
68.98
30.42
0.95
94.15
5.27
64.16
19.33
75.52
37.39
39.7
18.45
55.11
53.93
93.17
2.06
73.03
30.22
41.21
